0.49655,0.60854,0.19389,0.81212,0.20927,0.75402,0.10345,0.17147,0.94135,0.97047,0.56573,0.043062,0.41099,0.67725,0.23228,0.64103,0.3048,0.33277,0.46978,0.49663,0.0052012,0.21171,0.60875,0.55147,0.66008,0.48989,0.77844,0.66572,0.14861,0.72012,0.72761,0.78953,0.1423,0.16415,0.27729,0.20306,0.69359,0.9746,0.1116,0.84328,0.20574,0.90851,0.65086,0.51961,0.95252,0.19918,0.80229,0.057628,0.66697,0.47739,0.99197,0.40704,0.40555,0.28469,0.3129,0.040609,0.31686,0.80736,0.26474,0.29417
0.89977,0.01576,0.90481,0.61011,0.45509,0.66316,0.15734,0.13067,0.32986,0.48692,0.6119,0.37094,0.42479,0.58618,0.31788,0.99591,0.81384,0.29242,0.5058,0.0070242,0.75994,0.85109,0.20935,0.0065176,0.28606,0.15512,0.92803,0.59773,0.77329,0.9388,0.25853,0.89956,0.40784,0.77705,0.77644,0.41763,0.27506,0.40218,0.39428,0.2426,0.0948,0.89309,0.86174,0.8871,0.92743,0.12094,0.38185,0.94249,0.63104,0.38669,0.63378,0.19048,0.89839,0.66317,0.17399,0.53522,0.017552,0.42214,0.97395,0.62922
0.82163,0.016355,0.56921,0.70149,0.081074,0.88349,0.40751,0.21878,0.70449,0.81747,0.10298,0.6933,0.95429,0.06497,0.78879,0.49954,0.68209,0.40248,0.68839,0.31619,0.30868,0.74297,0.99773,0.12569,0.96138,0.65115,0.72622,0.40453,0.51991,0.0082237,0.46951,0.0021782,0.77815,0.56014,0.70798,0.20397,0.46215,0.51544,0.85327,0.36997,0.22074,0.61481,0.18302,0.24216,0.46929,0.40135,0.28686,0.52709,0.63212,0.24338,0.016806,0.24611,0.30248,0.7502,0.10116,0.23914,0.96802,0.68015,0.72007,0.45625
0.64491,0.19007,0.63179,0.092196,0.85112,0.27216,0.40776,0.10548,0.94343,0.64157,0.15832,0.93582,0.88142,0.87921,0.63444,0.43005,0.88244,0.034112,0.19287,0.73842,0.71526,0.40507,0.016762,0.05578,0.57656,0.727,0.095381,0.13403,0.58672,0.58168,0.85751,0.51634,0.16277,0.66511,0.60292,0.68558,0.64315,0.51014,0.73934,0.96465,0.16001,0.13772,0.055751,0.036707,0.31566,0.067299,0.99134,0.88451,0.11203,0.59929,0.51555,0.93165,0.66835,0.10845,0.029022,0.54842,0.84326,0.6619,0.33219,0.67055
0.81797,0.58692,0.23441,0.42489,0.56205,0.41943,0.052693,0.14143,0.58159,0.30635,0.41365,0.47758,0.69859,0.48791,0.65978,0.82917,0.081799,0.28747,0.27357,0.79034,0.080948,0.30504,0.43963,0.76267,0.96663,0.0036745,0.4493,0.30196,0.51898,0.55635,0.83341,0.62443,0.026206,0.87356,0.039419,0.83105,0.03745,0.59353,0.76248,0.46906,0.6404,0.86745,0.32316,0.018541,0.39072,0.97995,0.52779,0.73365,0.79135,0.84064,0.40522,0.10679,0.77108,0.34366,0.36055,0.52376,0.86842,0.93721,0.76617,0.10498
0.66023,0.057581,0.54878,0.37558,0.3193,0.21299,0.94182,0.45697,0.88015,0.66093,0.56041,0.1291,0.3054,0.89148,0.53758,0.1167,0.49483,0.21962,0.92633,0.40028,0.84588,0.47419,0.1484,0.071402,0.51392,0.90914,0.97661,0.46033,0.14057,0.68938,0.47598,0.26519,0.85135,0.60983,0.84568,0.28437,0.89467,0.36774,0.23546,0.53293,0.64073,0.43026,0.18034,0.19765,0.13461,0.57863,0.35297,0.086605,0.091888,0.6605,0.24875,0.010077,0.68645,0.87835,0.0073672,0.86051,0.15088,0.97182,0.49915,0.5737
0.34197,0.36757,0.93158,0.16615,0.3749,0.0356,0.14997,0.78813,0.74961,0.35802,0.26868,0.48383,0.82933,0.76229,0.91922,0.59868,0.43033,0.56593,0.23474,0.39989,0.71838,0.14474,0.62145,0.71823,0.86422,0.66186,0.96894,0.50328,0.31592,0.76095,0.34013,0.39898,0.25293,0.93884,0.22974,0.37204,0.96599,0.11226,0.75703,0.054038,0.24897,0.78833,0.62547,0.21064,0.14956,0.014277,0.45106,0.71067,0.3377,0.65376,0.35541,0.1364,0.73963,0.063558,0.5792,0.066129,0.062407,0.63752,0.45252,0.0010104
0.28973,0.63145,0.3352,0.83315,0.8678,0.081164,0.38437,0.28106,0.37962,0.9382,0.78425,0.9456,0.9706,0.6553,0.78051,0.22122,0.34546,0.87009,0.12798,0.25169,0.87039,0.49434,0.75437,0.14041,0.22533,0.04964,0.64527,0.76294,0.86128,0.82429,0.54221,0.97763,0.39516,0.28557,0.49506,0.55678,0.19458,0.60874,0.23216,0.62228,0.12654,0.94401,0.49755,0.92442,0.93833,0.68428,0.93843,0.518,0.84776,0.74685,0.0082458,0.46219,0.19235,0.73585,0.92332,0.12385,0.75399,0.18499,0.63053,0.73288
0.34119,0.71763,0.65553,0.83864,0.37218,0.85057,0.31106,0.22479,0.72556,0.48767,0.38787,0.36774,0.3001,0.97148,0.32671,0.39868,0.91366,0.25499,0.41262,0.091912,0.87216,0.53012,0.2806,0.6157,0.24346,0.45222,0.092747,0.94428,0.43345,0.52769,0.5615,0.30371,0.68729,0.7649,0.030064,0.33792,0.15394,0.52743,0.46086,0.66518,0.81493,0.75318,0.71793,0.56524,0.64034,0.81742,0.19027,0.72298,0.9491,0.094756,0.21736,0.093664,0.68897,0.25361,0.20155,0.98928,0.62966,0.18524,0.015904,0.4957
0.53408,0.69267,0.3919,0.45161,0.07369,0.3402,0.16853,0.90887,0.1628,0.09099,0.030984,0.32849,0.99806,0.17114,0.73875,0.30115,0.16017,0.59181,0.63472,0.6022,0.76156,0.51024,0.52718,0.47151,0.89883,0.16409,0.77204,0.64985,0.05947,0.34151,0.92522,0.56676,0.87099,0.14933,0.64795,0.90304,0.21779,0.50725,0.03538,0.75953,0.61431,0.72715,0.056851,0.88523,0.47484,0.86901,0.36741,0.89321,0.20328,0.095234,0.39754,0.31647,0.12612,0.48226,0.9325,0.34412,0.43299,0.66047,0.64386,0.49109
0.72711,0.084079,0.62731,0.9566,0.19984,0.46615,0.89665,0.0073288,0.9562,0.67383,0.5855,0.77288,0.44075,0.13597,0.43773,0.63354,0.38787,0.52269,0.18155,0.83245,0.66946,0.22747,0.31244,0.51035,0.7092,0.47068,0.40397,0.94637,0.88586,0.068288,0.27439,0.21612,0.68098,0.61937,0.40044,0.23446,0.55475,0.14065,0.52422,0.67551,0.51418,0.65848,0.11908,0.33959,0.26162,0.33241,0.079287,0.39635,0.65286,0.90971,0.97203,0.51371,0.95958,0.71532,0.61565,0.97574,0.17591,0.43829,0.51271,0.18153
0.30929,0.45436,0.69908,0.14715,0.049493,0.91376,0.32272,0.58874,0.19623,0.51488,0.55856,0.29727,0.0062269,0.75521,0.5918,0.94498,0.96722,0.12915,0.40323,0.29348,0.90203,0.93499,0.18174,0.34504,0.97514,0.82347,0.27971,0.46372,0.25598,0.26404,0.29564,0.13541,0.1392,0.6232,0.76751,0.40382,0.88928,0.32273,0.39923,0.32714,0.0064683,0.56088,0.52695,0.22503,0.98794,0.59515,0.045295,0.87035,0.72919,0.77744,0.64949,0.50296,0.10147,0.60506,0.60812,0.56657,0.18033,0.65263,0.97624,0.33581
0.8385,0.44183,0.39718,0.86993,0.56671,0.22858,0.734,0.54212,0.77619,0.22158,0.2007,0.17785,0.2919,0.31322,0.11451,0.0058708,0.066725,0.003776,0.68876,0.46554,0.82146,0.51769,0.77925,0.084758,0.45956,0.84999,0.22645,0.27117,0.28755,0.99417,0.61255,0.97862,0.57699,0.80835,0.38386,0.3261,0.31828,0.50981,0.89943,0.98433,0.025276,0.40847,0.87852,0.569,0.66307,0.87553,0.48538,0.75696,0.89048,0.14983,0.4012,0.2562,0.45265,0.69763,0.4109,0.8641,0.32232,0.85264,0.22159,0.22836
0.56807,0.35325,0.41363,0.76944,0.12192,0.86204,0.4109,0.65352,0.6133,0.72501,0.087422,0.6908,0.69188,0.46325,0.31917,0.8166,0.31673,0.32582,0.32589,0.045527,0.83266,0.45926,0.80951,0.2558,0.74177,0.96423,0.14481,0.069388,0.22394,0.38545,0.89064,0.21433,0.68441,0.31786,0.89141,0.39518,0.45165,0.74558,0.17143,0.51227,0.83448,0.13943,0.53644,0.78019,0.4614,0.19898,0.84393,0.99799,0.3328,0.11368,0.49379,0.35871,0.95279,0.91763,0.377,0.84594,0.19145,0.81447,0.06489,0.29799
0.37041,0.15361,0.65521,0.44416,0.52211,0.65662,0.39979,0.31343,0.16228,0.068247,0.93323,0.26394,0.49285,0.33943,0.62185,0.69089,0.12672,0.36076,0.92328,0.085723,0.63992,0.77674,0.72331,0.52557,0.66897,0.81269,0.092795,0.18738,0.59122,0.78625,0.71445,0.13579,0.3162,0.34858,0.40779,0.28037,0.45211,0.7261,0.024718,0.81738,0.15186,0.42117,0.4745,0.92189,0.28841,0.35544,0.26654,0.28185,0.73813,0.22175,0.9385,0.98966,0.040484,0.30819,0.79532,0.38124,0.68787,0.30408,0.56563,0.28702
0.70274,0.67564,0.83759,0.62062,0.11706,0.89118,0.50552,0.23116,0.031054,0.96412,0.25938,0.45774,0.083478,0.0096218,0.89455,0.98098,0.1158,0.99403,0.75713,0.51314,0.1562,0.7338,0.045309,0.14053,0.029612,0.26439,0.70272,0.34904,0.56433,0.86961,0.2015,0.052663,0.51183,0.25357,0.37683,0.64223,0.58876,0.71298,0.59218,0.39453,0.89887,0.40886,0.0033925,0.71038,0.3412,0.46515,0.21776,0.68762,0.79059,0.71381,0.52662,0.43347,0.47086,0.71115,0.40357,0.81521,0.43824,0.44452,0.30918,0.37642
0.54657,0.69921,0.37161,0.95169,0.76992,0.48814,0.16931,0.41606,0.28863,0.20766,0.20417,0.84369,0.19579,0.3338,0.96359,0.06974,0.16436,0.93996,0.40111,0.71543,0.78317,0.60238,0.6133,0.12047,0.35036,0.20635,0.68121,0.9143,0.86595,0.085196,0.10817,0.26464,0.4461,0.9215,0.08845,0.29107,0.71331,0.41917,0.57022,0.48187,0.82052,0.42344,0.69631,0.14443,0.92116,0.3119,0.25401,0.37341,0.38748,0.34226,0.45056,0.98325,0.88884,0.068797,0.75919,0.34716,0.29685,0.79242,0.08185,0.45518
0.44488,0.72751,0.42525,0.64001,0.37506,0.99265,0.52475,0.2988,0.97106,0.16112,0.049208,0.8815,0.97759,0.24682,0.020063,0.044955,0.093948,0.43414,0.19611,0.035436,0.73141,0.056929,0.33521,0.50274,0.082066,0.93222,0.45764,0.013763,0.21965,0.48371,0.73803,0.75732,0.52018,0.70349,0.98258,0.96594,0.71349,0.5796,0.58246,0.72287,0.55134,0.62669,0.61004,0.97934,0.65129,0.085583,0.15925,0.1263,0.70478,0.23384,0.8041,0.6265,0.21738,0.86933,0.089074,0.72374,0.075326,0.5567,0.039089,0.3805
0.69457,0.47838,0.59466,0.24733,0.82339,0.37333,0.6412,0.67244,0.9505,0.63822,0.60616,0.70002,0.3662,0.99406,0.11065,0.73995,0.53213,0.93551,0.40028,0.97958,0.56473,0.072003,0.58386,0.28591,0.060837,0.39334,0.53235,0.98753,0.30124,0.84455,0.76202,0.43569,0.36603,0.70623,0.9217,0.40558,0.25503,0.25517,0.34134,0.57923,0.98722,0.21539,0.25606,0.81757,0.12434,0.32701,0.33075,0.57764,0.84612,0.6545,0.53977,0.60595,0.65919,0.71478,0.8882,0.2377,0.96025,0.89885,0.061467,0.25357
0.62131,0.55484,0.56574,0.3527,0.046636,0.53138,0.016197,0.93826,0.22805,0.00022817,0.54635,0.75569,0.13943,0.90557,0.40302,0.81912,0.7624,0.49683,0.15448,0.49745,0.72335,0.63568,0.91318,0.11197,0.76009,0.062372,0.29835,0.17402,0.58706,0.46584,0.27898,0.50666,0.65231,0.15062,0.4619,0.20978,0.11495,0.61044,0.55956,0.22247,0.56296,0.030981,0.41089,0.28413,0.52232,0.1833,0.80465,0.41285,0.58631,0.26143,0.68953,0.16095,0.52058,0.88288,0.917,0.03041,0.67614,0.88476,0.2874,0.19705
0.79482,0.12105,0.71654,0.18786,0.59791,0.18132,0.83685,0.34315,0.95853,0.33563,0.095837,0.97451,0.014756,0.34977,0.097195,0.26084,0.4175,0.97107,0.064571,0.70074,0.23974,0.87633,0.50127,0.50005,0.62783,0.043803,0.403,0.40296,0.90205,0.59924,0.84522,0.49472,0.87156,0.70373,0.56147,0.02401,0.10859,0.62304,0.39767,0.22592,0.99542,0.10412,0.92212,0.73801,0.91969,0.75038,0.56936,0.058892,0.046886,0.44962,0.98854,0.46804,0.48485,0.50917,0.62486,0.53822,0.47338,0.75367,0.18508,0.97697
0.95684,0.45075,0.51131,0.49064,0.94915,0.50194,0.80346,0.56296,0.67986,0.2751,0.637,0.40215,0.64064,0.27812,0.29305,0.70401,0.83553,0.95767,0.12035,0.80313,0.48986,0.42748,0.41751,0.3779,0.53047,0.0061398,0.15247,0.39926,0.52375,0.20815,0.62439,0.094209,0.86797,0.073794,0.49339,0.76461,0.11592,0.90273,0.94569,0.35538,0.94765,0.061179,0.75402,0.24966,0.84087,0.74977,0.69059,0.78584,0.84389,0.65071,0.75743,0.83725,0.77206,0.70043,0.47898,0.8638,0.70602,0.078138,0.086957,0.89901
0.52259,0.71588,0.7764,0.40927,0.2888,0.42219,0.69778,0.11889,0.054969,0.044528,0.44295,0.13128,0.73772,0.092924,0.67871,0.29648,0.80473,0.72073,0.029342,0.51667,0.4236,0.7084,0.79946,0.27056,0.98926,0.81711,0.7902,0.78566,0.66875,0.51706,0.62167,0.97121,0.5298,0.052523,0.99398,0.44123,0.35124,0.60668,0.8765,0.64207,0.1722,0.71151,0.10213,0.65382,0.18137,0.20331,0.74367,0.13198,0.58682,0.1822,0.48551,0.064325,0.48266,0.74371,0.89577,0.76016,0.95756,0.047749,0.32913,0.43102
0.88014,0.89284,0.48935,0.46353,0.88883,0.66043,0.46189,0.16902,0.59984,0.093896,0.066382,0.72473,0.026757,0.24053,0.97979,0.082291,0.0091712,0.64796,0.86519,0.5027,0.79568,0.07019,0.89061,0.95669,0.30296,0.91518,0.19856,0.50588,0.67688,0.15801,0.95489,0.4249,0.95931,0.52363,0.025676,0.094862,0.72716,0.9953,0.98845,0.64302,0.3731,0.53342,0.074232,0.6498,0.085546,0.77114,0.21378,0.07097,0.51203,0.46683,0.32178,0.28738,0.78906,0.30293,0.38751,0.41366,0.17921,0.27309,0.049806,0.65318
0.17296,0.2731,0.1859,0.61094,0.10159,0.67365,0.082613,0.2789,0.39315,0.41,0.37429,0.89952,0.10215,0.90165,0.39943,0.87538,0.64471,0.8626,0.4142,0.75474,0.76341,0.019065,0.51335,0.45807,0.1807,0.74164,0.49447,0.56238,0.95292,0.74438,0.29541,0.27019,0.59102,0.64955,0.25952,0.0033753,0.38185,0.91852,0.39137,0.052142,0.34967,0.67679,0.63057,0.88323,0.50586,0.37149,0.816,0.46163,0.47841,0.53282,0.83339,0.62766,0.35921,0.51484,0.27164,0.81148,0.44578,0.38285,0.32199,0.12298
0.97975,0.25477,0.70064,0.071168,0.065315,0.95733,0.82072,0.55681,0.21537,0.81689,0.2491,0.1707,0.89333,0.32425,0.82088,0.077452,0.11235,0.030909,0.79193,0.23811,0.23889,0.50831,0.38973,0.24502,0.56925,0.20383,0.30326,0.70124,0.62394,0.48908,0.63182,0.93525,0.023313,0.23338,0.32716,0.21351,0.70475,0.0038839,0.92012,0.99252,0.81949,0.55374,0.15791,0.51088,0.71246,0.81914,0.31929,0.44901,0.74645,0.61628,0.084857,0.19719,0.22123,0.45633,0.48298,0.094194,0.53883,0.06413,0.044921,0.20239
0.27145,0.8656,0.98271,0.31428,0.2343,0.19187,0.19302,0.48559,0.1824,0.87052,0.92488,0.043029,0.76388,0.5727,0.13162,0.74098,0.2157,0.36588,0.8164,0.94308,0.63511,0.86941,0.93064,0.83046,0.46657,0.23422,0.14794,0.28537,0.4579,0.64964,0.53129,0.22075,0.18223,0.14014,0.12288,0.78775,0.35851,0.93266,0.45751,0.38785,0.76602,0.41579,0.88185,0.99719,0.58992,0.37399,0.46713,0.92225,0.16502,0.40918,0.84431,0.87404,0.80599,0.32943,0.33381,0.57227,0.33449,0.79176,0.5795,0.70439
0.25233,0.23235,0.80664,0.60838,0.9331,0.11122,0.44535,0.95222,0.076754,0.022555,0.6295,0.47916,0.58266,0.18507,0.84489,0.12507,0.90929,0.093821,0.39532,0.088625,0.23155,0.79855,0.28273,0.30317,0.39223,0.89849,0.96401,0.98664,0.64776,0.041755,0.87117,0.18962,0.46747,0.23759,0.74593,0.81924,0.014653,0.24042,0.66164,0.29905,0.63923,0.644,0.43149,0.091347,0.31663,0.45285,0.34096,0.69695,0.068256,0.41102,0.75688,0.14729,0.92717,0.52286,0.022288,0.74692,0.045644,0.79923,0.047068,0.75942
0.87574,0.80487,0.70357,0.17502,0.063128,0.56505,0.012958,0.23192,0.0074237,0.72718,0.87831,0.093936,0.68543,0.73791,0.23273,0.44371,0.14468,0.33465,0.82595,0.54301,0.61594,0.79923,0.76994,0.033219,0.027407,0.78775,0.7369,0.22432,0.97887,0.33482,0.58446,0.2806,0.61342,0.87417,0.62936,0.14836,0.1651,0.98414,0.52145,0.24755,0.71707,0.53817,0.89925,0.43288,0.76474,0.37841,0.69653,0.78679,0.29547,0.67856,0.30217,0.85953,0.78097,0.15424,0.47241,0.39497,0.40607,0.27553,0.096738,0.98064
0.73731,0.9084,0.48496,0.62103,0.26422,0.96917,0.30874,0.47866,0.78878,0.84801,0.64167,0.65005,0.96713,0.11176,0.067155,0.59248,0.20748,0.0073275,0.33762,0.90345,0.2685,0.19611,0.72758,0.98756,0.34148,0.18298,0.51875,0.50095,0.42145,0.43336,0.60263,0.67406,0.13965,0.86073,0.19659,0.63627,0.86508,0.70576,0.9829,0.05037,0.87727,0.75228,0.97975,0.77564,0.51681,0.55557,0.97877,0.26492,0.16576,0.93048,0.76905,0.96351,0.62747,0.94961,0.78512,0.67806,0.34706,0.17814,0.12266,0.10882
0.13652,0.23189,0.11461,0.24596,0.99953,0.023744,0.87535,0.52652,0.017788,0.7286,0.79839,0.95228,0.55034,0.38375,0.33145,0.63635,0.85064,0.81553,0.19735,0.86132,0.99121,0.71437,0.91461,0.47978,0.97635,0.50574,0.89828,0.42992,0.97579,0.098591,0.48815,0.59821,0.21177,0.65161,0.46377,0.58335,0.55795,0.72881,0.89967,0.55422,0.89256,0.025336,0.36248,0.88882,0.72698,0.2942,0.32464,0.31015,0.30285,0.044339,0.65375,0.092446,0.81237,0.81179,0.69449,0.82479,0.036717,0.044498,0.54908,0.39347
0.011757,0.23931,0.66486,0.58736,0.21199,0.87022,0.83526,0.79272,0.87794,0.9551,0.43503,0.45771,0.7772,0.86236,0.57523,0.53273,0.71311,0.02501,0.51007,0.63148,0.76032,0.21501,0.10612,0.60354,0.57694,0.060985,0.707,0.516,0.51861,0.68092,0.94265,0.38885,0.99007,0.87414,0.26595,0.20607,0.034604,0.89489,0.6302,0.63911,0.91127,0.22907,0.68143,0.36994,0.49463,0.47039,0.16982,0.8613,0.79875,0.92331,0.31545,0.14676,0.61428,0.1804,0.11874,0.39205,0.058928,0.14128,0.74674,0.11579
0.8939,0.049754,0.36537,0.50605,0.49841,0.026877,0.3331,0.19301,0.35254,0.65635,0.98114,0.53688,0.61035,0.85708,0.13682,0.20872,0.080425,0.4242,0.20989,0.26236,0.48217,0.78651,0.88894,0.51625,0.77064,0.13528,0.39482,0.046858,0.5429,0.027123,0.34653,0.93584,0.33004,0.96368,0.0036219,0.70551,0.16726,0.43999,0.34683,0.21286,0.66863,0.7149,0.61119,0.95441,0.41254,0.61373,0.18562,0.77948,0.85984,0.41505,0.65206,0.45356,0.41407,0.97819,0.74435,0.19673,0.11879,0.85876,0.75256,0.87678
0.19914,0.078384,0.14004,0.46478,0.29049,0.51953,0.88071,0.9096,0.72214,0.74231,0.095958,0.066487,0.98859,0.81936,0.8678,0.67373,0.8187,0.033802,0.57998,0.37902,0.9452,0.17215,0.59504,0.97726,0.62641,0.022242,0.64219,0.96465,0.37913,0.32085,0.19969,0.82694,0.42584,0.94656,0.11576,0.99746,0.17044,0.98324,0.30584,0.22644,0.65925,0.37454,0.092592,0.53898,0.28997,0.98548,0.8185,0.12978,0.17318,0.0028204,0.38494,0.757,0.77726,0.94348,0.29061,0.58448,0.88889,0.2797,0.86656,0.86387
0.29872,0.64082,0.56677,0.54142,0.67275,0.19229,0.47969,0.9222,0.96845,0.34497,0.52748,0.49387,0.048262,0.2457,0.32927,0.24191,0.34896,0.6767,0.97921,0.33732,0.36074,0.20615,0.01208,0.2472,0.73305,0.86982,0.30433,0.065767,0.84917,0.05248,0.0981,0.051275,0.14626,0.88633,0.55892,0.82384,0.096544,0.7828,0.90124,0.066482,0.069975,0.57936,0.71781,0.92454,0.22944,0.42978,0.81009,0.62679,0.76529,0.33664,0.33569,0.6152,0.083058,0.0029013,0.049106,0.65786,0.9297,0.84327,0.57552,0.97427
0.66144,0.19089,0.82301,0.94233,0.95799,0.71569,0.56082,0.013266,0.15567,0.88402,0.54565,0.41754,0.98539,0.89759,0.488,0.72053,0.16255,0.32796,0.46712,0.31459,0.084391,0.46447,0.23831,0.66819,0.14934,0.61412,0.084839,0.51002,0.54558,0.36956,0.65212,0.8277,0.54573,0.53768,0.89227,0.76838,0.75593,0.55459,0.1066,0.54694,0.59638,0.89582,0.78045,0.48558,0.84067,0.87993,0.01367,0.43059,0.91851,0.22357,0.0067019,0.13568,0.23959,0.037581,0.094053,0.63905,0.31424,0.2967,0.05633,0.10317
0.28441,0.84387,0.67395,0.34176,0.76655,0.25067,0.61591,0.76755,0.16296,0.34724,0.28434,0.29226,0.20474,0.60412,0.43154,0.39996,0.53975,0.56007,0.80212,0.9471,0.94851,0.074527,0.12362,0.14673,0.41464,0.33914,0.88541,0.70539,0.81515,0.38388,0.60597,0.38781,0.091978,0.81317,0.90121,0.38938,0.24338,0.19842,0.29632,0.35046,0.73346,0.7548,0.54686,0.40536,0.22675,0.32953,0.32592,0.91804,0.49019,0.57914,0.47583,0.303,0.13806,0.30218,0.69997,0.28286,0.99041,0.91694,0.63375,0.61116
0.46922,0.1739,0.99945,0.4018,0.66612,0.93386,0.6619,0.94734,0.3134,0.059477,0.3708,0.28966,0.91248,0.13973,0.26054,0.39404,0.92333,0.42481,0.43295,0.53517,0.69083,0.59658,0.88078,0.40512,0.068985,0.68566,0.093975,0.62491,0.48575,0.33588,0.81108,0.44573,0.43496,0.2425,0.69988,0.0042247,0.76279,0.53078,0.85156,0.059355,0.51877,0.015598,0.066696,0.30715,0.46287,0.95364,0.17427,0.978,0.80847,0.77887,0.79886,0.41533,0.49013,0.40626,0.25886,0.21754,0.4808,0.84064,0.14567,0.034972
0.064781,0.17079,0.96164,0.30769,0.13094,0.13719,0.61663,0.81331,0.029382,0.71841,0.064693,0.75385,0.66555,0.1613,0.983,0.4115,0.43712,0.1501,0.24118,0.70196,0.61551,0.19099,0.81323,0.14205,0.88419,0.21738,0.95122,0.22749,0.11619,0.89069,0.46176,0.0091715,0.083678,0.36395,0.23378,0.42945,0.53883,0.097876,0.72941,0.647,0.8958,0.50162,0.23245,0.28583,0.92096,0.57335,0.37228,0.28926,0.19766,0.29279,0.46214,0.64991,0.63569,0.42975,0.71948,0.2055,0.28772,0.52296,0.52274,0.95256
0.98833,0.9943,0.058862,0.41157,0.095413,0.52162,0.68514,0.92383,0.35763,0.95821,0.54481,0.096796,0.46232,0.88315,0.9657,0.14974,0.54013,0.064363,0.63462,0.87504,0.89498,0.93482,0.76334,0.34425,0.83199,0.23143,0.61818,0.63068,0.14343,0.23814,0.09372,0.28019,0.55491,0.67754,0.5295,0.32762,0.94783,0.4415,0.64278,0.97309,0.89587,0.71948,0.71732,0.87348,0.65568,0.39792,0.011824,0.76196,0.10524,0.22291,0.52898,0.83467,0.84835,0.93419,0.93884,0.21495,0.5647,0.86435,0.82333,0.8132
0.58279,0.43979,0.36031,0.28594,0.014864,0.8952,0.51015,0.199,0.02719,0.15683,0.83638,0.076917,0.048333,0.97859,0.94852,0.87823,0.69835,0.61644,0.36718,0.98625,0.012538,0.30751,0.81039,0.54993,0.31521,0.44222,0.76057,0.15315,0.78469,0.080958,0.1027,0.29202,0.017825,0.19708,0.80476,0.78529,0.99048,0.3092,0.26819,0.49364,0.4523,0.2718,0.65409,0.74324,0.5356,0.14697,0.06749,0.98771,0.02819,0.54839,0.001639,0.36669,0.94257,0.35745,0.052858,0.79899,0.068058,0.97455,0.013308,0.27156
0.4235,0.34005,0.54851,0.39413,0.28819,0.94239,0.71396,0.67427,0.79367,0.41635,0.14532,0.72092,0.46044,0.60132,0.45172,0.021756,0.0020544,0.62901,0.43146,0.8853,0.30091,0.46189,0.68225,0.042432,0.89805,0.33387,0.62072,0.31079,0.26894,0.30149,0.87454,0.42989,0.6441,0.19451,0.69982,0.43527,0.045731,0.78764,0.72813,0.41259,0.39708,0.72776,0.20403,0.70431,0.19291,0.27811,0.27696,0.087001,0.58145,0.864,0.23798,0.12835,0.79243,0.39381,0.33495,0.085278,0.5805,0.77262,0.35593,0.90349
0.51551,0.31422,0.26177,0.50301,0.81673,0.33508,0.51521,0.9271,0.99923,0.094035,0.17152,0.76491,0.79995,0.36181,0.33169,0.92383,0.8366,0.17664,0.30192,0.40484,0.96508,0.82975,0.6248,0.23196,0.7531,0.26651,0.57923,0.64932,0.55676,0.18002,0.060756,0.70134,0.39226,0.55038,0.00041075,0.71043,0.98376,0.79449,0.8922,0.98025,0.60024,0.78913,0.4212,0.68993,0.45354,0.75434,0.40988,0.79175,0.82036,0.45655,0.079535,0.89664,0.32933,0.74821,0.34464,0.812,0.6274,0.85468,0.28806,0.0060127
0.33395,0.36508,0.59734,0.72198,0.98548,0.43736,0.60587,0.34382,0.11024,0.44995,0.068047,0.65794,0.28943,0.2314,0.0077595,0.63262,0.88942,0.40792,0.43218,0.62714,0.10209,0.30014,0.36808,0.39879,0.15255,0.75499,0.28085,0.83558,0.13571,0.71617,0.84724,0.010358,0.32664,0.018382,0.28508,0.95076,0.3183,0.55715,0.50993,0.54697,0.96622,0.86099,0.17896,0.12514,0.62264,0.50507,0.71988,0.35596,0.74956,0.71258,0.9958,0.18121,0.20199,0.089664,0.6229,0.059268,0.67667,0.69454,0.26923,0.53849
0.43291,0.39324,0.049278,0.30621,0.017363,0.47116,0.9667,0.59449,0.6226,0.86915,0.82401,0.81041,0.6951,0.44973,0.16584,0.066916,0.019751,0.70614,0.69052,0.38546,0.59602,0.70962,0.20278,0.12069,0.71541,0.4163,0.099765,0.017703,0.42454,0.79026,0.45411,0.237,0.26482,0.16101,0.17079,0.70726,0.45324,0.7015,0.55309,0.67806,0.86812,0.088819,0.99504,0.74469,0.64722,0.67456,0.75676,0.70864,0.12292,0.32946,0.93731,0.54903,0.18705,0.49104,0.55438,0.37324,0.042784,0.69779,0.95598,0.21545
0.22595,0.59153,0.57106,0.11216,0.81939,0.14931,0.82212,0.61549,0.13257,0.39162,0.13397,0.37424,0.25928,0.6431,0.82817,0.63267,0.09842,0.42979,0.51229,0.84786,0.46898,0.074601,0.27505,0.44263,0.84164,0.95047,0.72157,0.4044,0.057633,0.33133,0.24818,0.40148,0.51028,0.53517,0.20323,0.13809,0.71667,0.058365,0.88087,0.50924,0.73435,0.19576,0.54485,0.36776,0.37103,0.19034,0.15916,0.12827,0.63427,0.41576,0.98748,0.97634,0.16237,0.69234,0.25297,0.63143,0.91435,0.52638,0.93885,0.77937
0.57981,0.11975,0.70086,0.44329,0.62114,0.13586,0.31775,0.0033741,0.31003,0.25278,0.88479,0.30623,0.71323,0.24522,0.6434,0.75374,0.37416,0.21093,0.99137,0.52685,0.71733,0.75022,0.48154,0.051452,0.78346,0.83658,0.84144,0.79951,0.79682,0.78162,0.98858,0.087691,0.45551,0.42811,0.09468,0.32398,0.93349,0.30008,0.85626,0.82935,0.37096,0.97578,0.25733,0.45176,0.59042,0.097685,0.65085,0.22794,0.11136,0.19039,0.63134,0.46316,0.12859,0.44707,0.48704,0.76232,0.022345,0.0015767,0.3998,0.52446
0.76037,0.038129,0.96229,0.46676,0.56022,0.5325,0.5877,0.98201,0.13479,0.35438,0.51474,0.3707,0.72037,0.46801,0.32228,0.76966,0.96748,0.59099,0.18407,0.8074,0.85887,0.46891,0.40019,0.99665,0.99783,0.89588,0.82125,0.15958,0.55951,0.77666,0.56432,0.88355,0.81037,0.40709,0.038673,0.78888,0.55035,0.047597,0.59954,0.81668,0.83489,0.81619,0.85217,0.37244,0.50651,0.24513,0.41104,0.39258,0.98307,0.83118,0.094853,0.57701,0.63905,0.033791,0.37773,0.56433,0.066726,0.7227,0.93475,0.85416
0.52982,0.4586,0.75052,0.014669,0.24403,0.72579,0.1302,0.89951,0.22333,0.74298,0.96364,0.70675,0.73328,0.49743,0.02637,0.80804,0.61959,0.8372,0.55897,0.3935,0.1856,0.94491,0.7023,0.69438,0.58611,0.25528,0.54356,0.31243,0.77136,0.10469,0.22053,0.43651,0.46732,0.83227,0.39336,0.28773,0.11762,0.90832,0.48225,0.22017,0.51038,0.69814,0.75019,0.20062,0.87094,0.82178,0.72111,0.76313,0.57713,0.86872,0.9795,0.43711,0.92157,0.72024,0.2283,0.52377,0.29724,0.73456,0.78111,0.78453
0.64053,0.86987,0.73999,0.66405,0.82201,0.3987,0.25435,0.69276,0.39655,0.65083,0.12049,0.16837,0.62233,0.074965,0.35544,0.54333,0.67004,0.88829,0.48705,0.96173,0.46237,0.013974,0.32136,0.61502,0.36078,0.52111,0.3644,0.63108,0.99501,0.32898,0.87751,0.30879,0.51851,0.1927,0.23344,0.79781,0.52441,0.28705,0.012009,0.091489,0.9147,0.14568,0.71189,0.56969,0.18265,0.39747,0.73083,0.97512,0.13773,0.61783,0.13512,0.27365,0.18239,0.26061,0.26994,0.25156,0.71002,0.89339,0.85738,0.5415
0.20907,0.93424,0.43187,0.72406,0.26321,0.35842,0.80303,0.43965,0.13514,0.93979,0.04829,0.81372,0.98978,0.76659,0.74388,0.48508,0.45617,0.8856,0.39749,0.030121,0.9033,0.054199,0.048453,0.61715,0.37391,0.33676,0.50094,0.59102,0.089561,0.26111,0.72756,0.82426,0.20308,0.67994,0.11262,0.21478,0.5626,0.86285,0.27879,0.45259,0.13585,0.71112,0.022705,0.9998,0.72518,0.21518,0.23055,0.43966,0.39344,0.11614,0.016106,0.42524,0.52001,0.57996,0.84357,0.73744,0.071957,0.32652,0.57468,0.0040589
0.37982,0.26445,0.63427,0.28163,0.75363,0.28528,0.66785,0.70102,0.24106,0.8328,0.38015,0.46623,0.15238,0.045367,0.29866,0.44122,0.83804,0.96291,0.49285,0.95373,0.022105,0.73845,0.77749,0.82974,0.98722,0.65619,0.3304,0.054479,0.72133,0.3884,0.85308,0.68749,0.58065,0.91832,0.43348,0.38541,0.18892,0.3897,0.57413,0.7662,0.42234,0.5265,0.90341,0.54536,0.008478,0.082594,0.18479,0.33028,0.79514,0.60818,0.98388,0.032888,0.23164,0.011877,0.13153,0.71591,0.25704,0.51,0.4071,0.7663
0.78333,0.1603,0.80303,0.26182,0.65964,0.86864,0.013626,0.60971,0.92752,0.46998,0.41279,0.72229,0.20332,0.16511,0.18122,0.6265,0.8231,0.76963,0.96884,0.71438,0.76041,0.63557,0.5534,0.97929,0.88721,0.39485,0.23055,0.86948,0.99733,0.89737,0.17768,0.53041,0.5977,0.046194,0.28211,0.93275,0.31068,0.44265,0.82792,0.26305,0.92072,0.91998,0.73948,0.85808,0.61647,0.16241,0.87279,0.3012,0.38124,0.43633,0.67234,0.087758,0.74128,0.68381,0.96292,0.90615,0.37715,0.34931,0.89614,0.24729
0.68085,0.87286,0.083881,0.70847,0.21406,0.62641,0.56158,0.29989,0.3911,0.62987,0.40139,0.99487,0.81932,0.7772,0.41519,0.077783,0.54211,0.36794,0.82703,0.64655,0.79585,0.93097,0.067749,0.43743,0.18563,0.10067,0.60493,0.72799,0.10809,0.76678,0.5403,0.17759,0.65657,0.88086,0.85469,0.98351,0.96023,0.41871,0.70457,0.94327,0.88451,0.21851,0.47179,0.15712,0.99636,0.976,0.97814,0.16299,0.39286,0.43283,0.26476,0.89546,0.05957,0.12207,0.96476,0.10142,0.017016,0.095152,0.77787,0.66547
0.4611,0.23788,0.94546,0.78386,0.60212,0.24117,0.45456,0.85604,0.51126,0.058188,0.421,0.3625,0.058435,0.20835,0.86734,0.54406,0.092391,0.068135,0.12839,0.44665,0.31385,0.46096,0.49618,0.84621,0.24413,0.46191,0.047342,0.016556,0.45676,0.24429,0.47218,0.89701,0.58148,0.42238,0.034811,0.75121,0.93933,0.97891,0.34186,0.46382,0.76568,0.57155,0.50556,0.72039,0.92469,0.48289,0.93556,0.047363,0.58776,0.6332,0.15188,0.397,0.46733,0.12558,0.27945,0.014952,0.95717,0.92045,0.43076,0.10888
0.56783,0.64583,0.91594,0.98616,0.60494,0.97808,0.90495,0.11207,0.092896,0.54219,0.37695,0.73083,0.53851,0.25178,0.62494,0.2091,0.29528,0.1089,0.84226,0.17463,0.23583,0.51289,0.83611,0.39708,0.24687,0.55636,0.73655,0.74409,0.13305,0.45465,0.73239,0.80997,0.76385,0.45568,0.98239,0.61969,0.2173,0.60167,0.40203,0.48945,0.1007,0.163,0.39475,0.75035,0.88528,0.95256,0.097372,0.86867,0.20039,0.59611,0.47183,0.44147,0.13629,0.54539,0.16669,0.71981,0.26868,0.24172,0.34156,0.05614
0.79421,0.96689,0.60199,0.47334,0.6595,0.6405,0.28216,0.29156,0.021699,0.45573,0.90734,0.64967,0.19015,0.39652,0.055202,0.27,0.60224,0.93682,0.78947,0.83525,0.49445,0.42448,0.46093,0.42037,0.17382,0.30232,0.48773,0.29168,0.70384,0.27236,0.9806,0.38913,0.16356,0.61739,0.95518,0.055626,0.80567,0.19724,0.5389,0.72769,0.38214,0.38873,0.38131,0.19173,0.79652,0.11749,0.24378,0.41653,0.9631,0.33615,0.5495,0.88557,0.93401,0.76384,0.8422,0.76603,0.75147,0.78124,0.92372,0.17389
0.059183,0.66493,0.25356,0.90282,0.18336,0.22985,0.065034,0.097447,0.15953,0.86309,0.67016,0.68134,0.59948,0.48069,0.40409,0.29168,0.18284,0.51106,0.34483,0.97009,0.68525,0.41592,0.78003,0.89199,0.33431,0.63076,0.98578,0.75648,0.30627,0.42318,0.66682,0.479,0.83975,0.74271,0.98439,0.33853,0.26795,0.57567,0.18974,0.91307,0.13524,0.23403,0.16295,0.6127,0.81963,0.66581,0.97118,0.83089,0.23254,0.21088,0.8695,0.72481,0.62855,0.0097199,0.81571,0.94854,0.82108,0.62261,0.90164,0.21943
0.60287,0.87038,0.87345,0.45106,0.63655,0.68134,0.47659,0.39745,0.84452,0.8552,0.96184,0.0076119,0.29226,0.50929,0.30196,0.82222,0.73317,0.21128,0.7385,0.13497,0.94463,0.38823,0.49174,0.34566,0.40622,0.5243,0.97848,0.10375,0.06432,0.69898,0.68314,0.6074,0.99632,0.99599,0.8188,0.23974,0.80905,0.96686,0.43469,0.55378,0.84744,0.75717,0.80252,0.016663,0.42481,0.81602,0.51413,0.35785,0.21797,0.44069,0.36765,0.45677,0.49833,0.074918,0.46253,0.066858,0.91441,0.97285,0.82758,0.25188
0.050269,0.0099273,0.5134,0.80452,0.17031,0.66582,0.98371,0.33331,0.87915,0.47226,0.16298,0.65415,0.091288,0.6248,0.15232,0.4115,0.54889,0.42111,0.05951,0.25099,0.43931,0.85554,0.69571,0.80841,0.62378,0.30889,0.1423,0.22743,0.17377,0.81743,0.87539,0.6519,0.66014,0.92794,0.043289,0.53426,0.41288,0.67585,0.40868,0.44682,0.056178,0.11739,0.90503,0.88708,0.29834,0.41436,0.15413,0.44584,0.84071,0.26834,0.41317,0.81522,0.57603,0.032812,0.55939,0.89229,0.7112,0.97615,0.15606,0.51741
0.41537,0.13701,0.73265,0.82886,0.5396,0.13472,0.92235,0.94423,0.18699,0.78692,0.74865,0.94524,0.50677,0.62555,0.30917,0.52696,0.15616,0.82954,0.55865,0.91001,0.49743,0.82302,0.98506,0.99428,0.89801,0.4631,0.92896,0.48794,0.1925,0.82547,0.50769,0.76252,0.12325,0.019109,0.29208,0.67699,0.62334,0.019556,0.20564,0.7578,0.38479,0.39749,0.78484,0.12896,0.13024,0.12424,0.5186,0.57069,0.727,0.56814,0.40262,0.6357,0.99327,0.24817,0.70527,0.90029,0.56308,0.17509,0.57843,0.12255
0.305,0.81876,0.42223,0.16627,0.62339,0.022493,0.5612,0.83856,0.9913,0.65598,0.37407,0.61327,0.88413,0.99117,0.0032583,0.92021,0.92507,0.14247,0.78272,0.67647,0.098618,0.91391,0.35317,0.78106,0.67917,0.13259,0.015826,0.87327,0.67035,0.40326,0.46789,0.44771,0.58714,0.38123,0.7223,0.21996,0.54796,0.40792,0.29339,0.69148,0.27228,0.43718,0.2409,0.65815,0.9583,0.16042,0.79312,0.1764,0.89238,0.12477,0.53051,0.839,0.054167,0.31303,0.45925,0.73615,0.54178,0.77677,0.35239,0.051341
0.87437,0.43017,0.96137,0.39391,0.68589,0.2622,0.65232,0.25843,0.71203,3.989e-05,0.45424,0.78293,0.61557,0.35922,0.43741,0.37914,0.20216,0.32163,0.14077,0.62316,0.55444,0.83604,0.62199,0.85181,0.13154,0.76104,0.72773,0.57908,0.38706,0.6516,0.24484,0.64298,0.14624,0.65699,0.10441,0.66288,0.51467,0.61401,0.25612,0.60205,0.72274,0.98774,0.82226,0.27444,0.45733,0.34481,0.14913,0.57498,0.50992,0.73817,0.0095931,0.19777,0.49369,0.90756,0.32235,0.48047,0.60669,0.12664,0.57994,0.63088
0.015009,0.89032,0.072059,0.52076,0.67735,0.11652,0.77268,0.042898,0.87136,0.13124,0.038561,0.0031535,0.046392,0.27599,0.67641,0.6389,0.0084486,0.81791,0.55765,0.51222,0.43569,0.86809,0.51589,0.66061,0.47289,0.13492,0.73376,0.42129,0.070268,0.15243,0.56603,0.28058,0.94972,0.028219,0.9354,0.11936,0.02136,0.26234,0.31261,0.12232,0.51549,0.50223,0.012625,0.17107,0.57752,0.74088,0.50343,0.71422,0.45292,0.84884,0.86029,0.8075,0.099054,0.77178,0.72786,0.11163,0.56611,0.0082186,0.92833,0.60742
0.76795,0.73491,0.55341,0.71812,0.87683,0.069318,0.10618,0.0058848,0.47963,0.49487,0.56243,0.79696,0.95192,0.67812,0.82291,0.17374,0.68911,0.29338,0.20545,0.0034827,0.18126,0.77559,0.81503,0.27211,0.96745,0.43113,0.067949,0.81327,0.68105,0.33991,0.76072,0.44329,0.74198,0.61153,0.45876,0.85372,0.42811,0.84139,0.54868,0.39084,0.502,0.97744,0.56965,0.35461,0.83807,0.35217,0.68946,0.39178,0.87166,0.98243,0.37854,0.92299,0.3117,0.95776,0.25203,0.90108,0.6234,0.79412,0.89078,0.077134
0.97084,0.68732,0.29198,0.56919,0.012891,0.85293,0.0010734,0.57442,0.496,0.038333,0.37231,0.64182,0.16903,0.50876,0.75585,0.7858,0.40097,0.079951,0.86049,0.22689,0.15381,0.43193,0.48906,0.24084,0.49876,0.85928,0.79748,0.69527,0.85615,0.019285,0.34517,0.2482,0.87261,0.52394,0.98714,0.16792,0.020208,0.29142,0.83082,0.67623,0.16522,0.35205,0.46185,0.59459,0.71362,0.1116,0.92312,0.82855,0.27498,0.62038,0.1947,0.74353,0.77613,0.77859,0.08089,0.92866,0.63897,0.13136,0.75861,0.45719
0.99008,0.34611,0.85796,0.46081,0.3104,0.18033,0.54176,0.7439,0.28753,0.22744,0.79278,0.17848,0.82667,0.27686,0.16264,0.36563,0.37958,0.92831,0.25735,0.97846,0.93373,0.4361,0.73146,0.42592,0.39708,0.46698,0.4533,0.4413,0.097098,0.76829,0.44755,0.15162,0.16459,0.62293,0.41397,0.61446,0.024229,0.22317,0.2975,0.80587,0.68556,0.21977,0.21086,0.13872,0.35278,0.1196,0.58325,0.32856,0.89645,0.55468,0.63637,0.36571,0.71683,0.5437,0.94693,0.8108,0.65209,0.10123,0.44053,0.49707
0.78886,0.16603,0.33576,0.44531,0.77908,0.032419,0.0068578,0.80683,0.060941,0.32788,0.79523,0.5294,0.61138,0.57884,0.55204,0.77694,0.90319,0.16677,0.27764,0.86125,0.13627,0.2243,0.71057,0.59756,0.98822,0.28623,0.21072,0.47069,0.39186,0.45788,0.51579,0.20653,0.47378,0.13945,0.81015,0.63658,0.47605,0.22593,0.87716,0.095588,0.58926,0.97595,0.51622,0.31833,0.46124,0.71504,0.98747,0.64785,0.13755,0.59614,0.29029,0.020033,0.34139,0.60536,0.2372,0.64143,0.42343,0.8703,0.34836,0.62138
0.43866,0.15561,0.6802,0.087745,0.3073,0.73393,0.45134,0.63757,0.26247,0.89947,0.38291,0.21874,0.8473,0.82284,0.52509,0.34215,0.94335,0.38677,0.28817,0.014385,0.99854,0.013184,0.83441,0.42004,0.76833,0.065267,0.73525,0.88142,0.37595,0.043558,0.15734,0.91416,0.34663,0.45125,0.049807,0.76937,0.52682,0.28323,0.75489,0.27687,0.51301,0.71371,0.14716,0.34867,0.90873,0.75212,0.50699,0.18972,0.38146,0.88711,0.93794,0.92392,0.84722,0.23855,0.23533,0.67942,0.10764,0.92222,0.070386,0.41045
0.49831,0.19112,0.053444,0.44348,0.92668,0.53652,0.19566,0.25127,0.18626,0.31373,0.25279,0.54805,0.11412,0.94145,0.91936,0.77418,0.47398,0.48601,0.73478,0.48578,0.69062,0.37597,0.010924,0.76752,0.98314,0.65702,0.57739,0.64512,0.51552,0.099562,0.98088,0.58261,0.29811,0.40917,0.61615,0.54587,0.95528,0.82921,0.32524,0.035234,0.63954,0.75087,0.8199,0.91976,0.35092,0.11042,0.79663,0.35517,0.42407,0.9402,0.56383,0.1108,0.33593,0.13945,0.15332,0.19695,0.99291,0.55958,0.85182,0.2458
0.21396,0.42245,0.35666,0.3663,0.67872,0.27603,0.78714,0.14432,0.91709,0.25168,0.34293,0.058237,0.64922,0.44432,0.44191,0.14783,0.01776,0.81087,0.49701,0.4164,0.96104,0.83856,0.048377,0.025692,0.23927,0.63026,0.78946,0.14623,0.89427,0.95692,0.29875,0.6933,0.040179,0.90893,0.403,0.40756,0.77398,0.55251,0.25812,0.4544,0.58557,0.9907,0.38987,0.67271,0.52116,0.95402,0.64128,0.027646,0.54791,0.81777,0.29985,0.11376,0.21992,0.01463,0.94392,0.066854,0.48242,0.38763,0.23226,0.86894
0.64349,0.85598,0.4983,0.30253,0.074321,0.36846,0.61856,0.65155,0.12328,0.43299,0.9678,0.58759,0.11482,0.42323,0.044802,0.14824,0.81995,0.40571,0.054673,0.7729,0.7755,0.28624,0.50127,0.69279,0.46655,0.73153,0.082745,0.21239,0.64182,0.6088,0.1546,0.85649,0.3816,0.40113,0.60172,0.21248,0.1605,0.50736,0.73413,0.53262,0.079336,0.022486,0.012077,0.56652,0.92031,0.43143,0.14487,0.64206,0.76556,0.14589,0.34792,0.0019425,0.26077,0.77001,0.041211,0.43068,0.90796,0.70905,0.79891,0.60293
0.32004,0.49025,0.43444,0.85184,0.070669,0.012886,0.015521,0.94609,0.013445,0.84238,0.47981,0.4161,0.47341,0.9962,0.96458,0.63905,0.057388,0.79503,0.19129,0.48815,0.00072413,0.28413,0.29169,0.75344,0.035349,0.95491,0.37578,0.12597,0.20328,0.24675,0.93574,0.48648,0.13193,0.19073,0.23144,0.62754,0.62157,0.60303,0.43744,0.26595,0.96205,0.19786,0.177,0.76844,0.86095,0.62196,0.99274,0.27236,0.050516,0.72981,0.79402,0.016876,0.77139,0.27342,0.48891,0.29801,0.11244,0.45572,0.25359,0.66277
0.9601,0.81593,0.56246,0.75948,0.01193,0.88921,0.89085,0.81589,0.36969,0.18449,0.36833,0.18645,0.68318,0.61412,0.013462,0.093373,0.090128,0.019377,0.72457,0.52256,0.32547,0.32708,0.013793,0.95356,0.73715,0.36933,0.20096,0.5361,0.068882,0.92952,0.67386,0.34273,0.14299,0.81661,0.82995,0.83186,0.74742,0.66155,0.31246,0.10268,0.04487,0.94716,0.74936,0.19428,0.2946,0.10749,0.77703,0.71295,0.35188,0.97305,0.12655,0.25252,0.89836,0.23392,0.95657,0.22389,0.68398,0.86146,0.029367,0.41895
0.72663,0.46077,0.61662,0.94976,0.22715,0.86602,0.7617,0.93025,0.69864,0.50818,0.76457,0.063911,0.1333,0.94407,0.55202,0.92879,0.69665,0.95666,0.97366,0.78205,0.5441,0.47621,0.79418,0.38732,0.8497,0.069403,0.64573,0.83986,0.80014,0.42993,0.42791,0.41865,0.38195,0.42255,0.069325,0.76269,0.15327,0.58662,0.90366,0.54913,0.54794,0.91016,0.66819,0.0040594,0.46976,0.097979,0.93536,0.97849,0.58435,0.78054,0.85591,0.38238,0.57969,0.55653,0.12224,0.57259,0.83716,0.57962,0.97108,0.46043
0.41195,0.45735,0.11334,0.55794,0.51625,0.25425,0.90704,0.30994,0.88935,0.45224,0.37715,0.074783,0.46408,0.91208,0.9343,0.48514,0.14715,0.85492,0.70449,0.59123,0.30651,0.22598,0.067283,0.056156,0.5167,0.86752,0.12388,0.23991,0.42306,0.048975,0.83281,0.11871,0.63681,0.38579,0.23251,0.76333,0.58535,0.92239,0.69508,0.93576,0.85507,0.16272,0.24783,0.041728,0.12655,0.81083,0.15561,0.65937,0.95249,0.22342,0.57481,0.17455,0.28733,0.82886,0.5299,0.63036,0.23367,0.45188,0.73652,0.93909
0.74457,0.45069,0.89825,0.014233,0.4582,0.56948,0.75857,0.26882,0.59377,0.32558,0.90031,0.31004,0.07125,0.81498,0.89861,0.16325,0.057579,0.98631,0.80153,0.12639,0.6727,0.96201,0.31018,0.37534,0.14359,0.29466,0.50752,0.022332,0.89232,0.90488,0.17132,0.51857,0.78035,0.71609,0.48689,0.70136,0.92991,0.49919,0.75679,0.14365,0.2069,0.45178,0.89842,0.6249,0.83144,0.7958,0.70704,0.81534,0.34911,0.6959,0.14264,0.43074,0.23307,0.045234,0.128,0.27453,0.24644,0.6969,0.67868,0.49277
0.26795,0.41222,0.75455,0.59618,0.7032,0.15926,0.38073,0.53645,0.15669,0.38008,0.18343,0.94408,0.58122,0.68964,0.61799,0.27634,0.063358,0.2507,0.20625,0.10972,0.34571,0.30646,0.34001,0.65751,0.77698,0.55337,0.10557,0.14834,0.99191,0.97823,0.44064,0.97158,0.42787,0.60526,0.9496,0.81795,0.4698,0.83856,0.26664,0.53985,0.00618,0.57139,0.27861,0.095223,0.80354,0.86237,0.32309,0.72967,0.67783,0.71437,0.081982,0.45871,0.80604,0.53115,0.97589,0.7446,0.82658,0.62329,0.3814,0.48244
0.43992,0.90161,0.79112,0.81621,0.58248,0.59436,0.33111,0.16328,0.31669,0.88648,0.36832,0.98073,0.56598,0.30865,0.69992,0.13097,0.72283,0.48251,0.77267,0.66291,0.9806,0.77893,0.81678,0.70177,0.44745,0.78216,0.029105,0.47569,0.40088,0.65778,0.75244,0.32907,0.17125,0.081816,0.067938,0.18778,0.78339,0.91945,0.61122,0.20507,0.43679,0.47767,0.44177,0.9556,0.43016,0.061655,0.60449,0.9323,0.023082,0.14936,0.51328,0.34804,0.42041,0.9566,0.81823,0.13267,0.26952,0.36744,0.026953,0.76088
0.93338,0.0055839,0.81495,0.97709,0.50921,0.3311,0.50408,0.21099,0.2334,0.76126,0.91746,0.55512,0.25526,0.5582,0.9391,0.02322,0.033708,0.32461,0.8727,0.99709,0.35397,0.89534,0.0043728,0.090737,0.16546,0.070177,0.050676,0.87803,0.34069,0.72696,0.6155,0.33917,0.36669,0.13041,0.44412,0.1969,0.62237,0.60602,0.17228,0.57583,0.20307,0.10857,0.10388,0.38677,0.41137,0.42499,0.23584,0.47511,0.81662,0.33069,0.36669,0.74867,0.60484,0.71608,0.35438,0.84829,0.69201,0.096164,0.40962,0.65989
0.68333,0.29741,0.67,0.22191,0.07429,0.65861,0.56457,0.21681,0.0084221,0.88377,0.51592,0.98853,0.23849,0.63676,0.45208,0.2313,0.69572,0.057402,0.80739,0.34618,0.019515,0.25372,0.49382,0.94799,0.25658,0.63336,0.18272,0.86321,0.31674,0.48863,0.25417,0.80188,0.97782,0.36787,0.20851,0.21162,0.044168,0.85554,0.15188,0.25319,0.058984,0.56727,0.87496,0.084307,0.12967,0.7525,0.58191,0.10354,0.69909,0.19883,0.44493,0.13354,0.508,0.044043,0.15392,0.51877,0.093812,0.78915,0.41829,0.95206
0.21256,0.049162,0.20088,0.70368,0.19324,0.86363,0.7672,0.65179,0.3969,0.45741,0.090307,0.69156,0.015954,0.76908,0.17667,0.84526,0.22118,0.29097,0.75663,0.17605,0.81275,0.14575,0.61345,0.53485,0.72934,0.041113,0.50966,0.99613,0.36429,0.68578,0.35041,0.1597,0.4593,0.56006,0.80784,0.76619,0.07857,0.20486,0.68394,0.64982,0.91063,0.77852,0.89255,0.82879,0.46658,0.97663,0.85814,0.18385,0.99009,0.034348,0.33124,0.59669,0.094959,0.022141,0.99727,0.19468,0.32063,0.99474,0.36651,0.05092
0.83924,0.69318,0.27309,0.52206,0.3796,0.56762,0.77987,0.052776,0.64987,0.7992,0.73531,0.24166,0.38474,0.054031,0.61677,0.72636,0.62539,0.67608,0.90461,0.067889,0.98281,0.3415,0.37408,0.91024,0.061305,0.02423,0.64761,0.75732,0.61573,0.36294,0.61301,0.15924,0.87414,0.74019,0.50449,0.91398,0.47116,0.47803,0.21795,0.0066929,0.92814,0.5406,0.016914,0.63693,0.59375,0.10518,0.51694,0.45157,0.48218,0.37435,0.01207,0.60587,0.5713,0.20837,0.56206,0.2539,0.67295,0.07052,0.72393,0.7322
0.62878,0.65011,0.62623,0.9329,0.27643,0.98048,0.4841,0.22929,0.085001,0.13408,0.0047122,0.80981,0.7573,0.11483,0.51838,0.69469,0.51329,0.95215,0.421,0.3094,0.31184,0.73313,0.19831,0.30931,0.11328,0.72174,0.50959,0.88576,0.59745,0.401,0.33772,0.16366,0.15209,0.98245,0.76843,0.23086,0.42582,0.3812,0.76368,0.011036,0.84601,0.8279,0.51655,0.35132,0.77507,0.3585,0.029128,0.14475,0.58898,0.72944,0.28116,0.13005,0.61635,0.088315,0.48142,0.34454,0.36128,0.14699,0.50709,0.59269
0.13377,0.98299,0.53685,0.71335,0.77088,0.79183,0.80221,0.66743,0.76881,0.065314,0.60312,0.93451,0.57516,0.84599,0.36449,0.38311,0.57571,0.040273,0.6584,0.33476,0.37891,0.033864,0.89507,0.7249,0.81464,0.88579,0.59918,0.36869,0.68524,0.51435,0.63599,0.91435,0.44245,0.48578,0.22239,0.34706,0.99023,0.42415,0.066947,0.73434,0.40668,0.067087,0.041755,0.36396,0.25834,0.74122,0.51367,0.81334,0.93001,0.36715,0.088951,0.40851,0.70711,0.32134,0.55239,0.33601,0.49886,0.76157,0.28801,0.33167
0.20713,0.55267,0.059504,0.22804,0.31393,0.15259,0.47101,0.31093,0.9697,0.37514,0.95687,0.1288,0.40809,0.17238,0.77331,0.47984,0.28724,0.82162,0.0012966,0.37617,0.74803,0.54424,0.98685,0.38346,0.46152,0.93719,0.33642,0.71595,0.97382,0.04551,0.5166,0.77502,0.92079,0.00039022,0.79974,0.69893,0.54645,0.49745,0.24018,0.10051,0.32235,0.80308,0.057037,0.10983,0.16253,0.35037,0.48793,0.74261,0.1408,0.98504,0.94356,0.030632,0.33131,0.029346,0.87879,0.025283,0.6015,0.040758,0.27339,0.0078477
0.6072,0.40007,0.088962,0.44964,0.63819,0.83303,0.20276,0.30663,0.7148,0.37352,0.39743,0.68683,0.19571,0.036983,0.82828,0.96708,0.89268,0.22362,0.982,0.95221,0.44283,0.55845,0.92178,0.89887,0.90879,0.92472,0.7235,0.28571,0.28033,0.99136,0.51954,0.42989,0.98039,0.78166,0.038283,0.016884,0.94266,0.088426,0.35422,0.77506,0.61454,0.62001,0.059021,0.40028,0.72143,0.56675,0.74261,0.33104,0.14412,0.49907,0.589,0.72839,0.60477,0.98417,0.34498,0.88352,0.60385,0.64303,0.79074,0.29756
0.62989,0.19879,0.27131,0.1722,0.98657,0.19186,0.57961,0.72068,0.78196,0.48402,0.73155,0.29724,0.51217,0.31255,0.31839,0.78354,0.092593,0.9997,0.41231,0.71932,0.099892,0.66968,0.39442,0.068438,0.89632,0.75632,0.11807,0.78948,0.17397,0.30961,0.62645,0.25916,0.46354,0.34717,0.73192,0.5585,0.10885,0.58209,0.60766,0.74578,0.60053,0.5298,0.4735,0.90772,0.56625,0.67256,0.48017,0.97746,0.71914,0.45734,0.66568,0.47539,0.6412,0.83061,0.62324,0.84229,0.99435,0.41661,0.84984,0.99372
0.37048,0.6252,0.40907,0.96882,0.50288,0.63899,0.6665,0.95441,0.23757,0.96946,0.68464,0.64722,0.71335,0.81728,0.59598,0.40974,0.29248,0.26053,0.3476,0.77934,0.99262,0.58393,0.66229,0.265,0.20698,0.37742,0.51984,0.20542,0.92191,0.25647,0.94919,0.62239,0.34449,0.29589,0.95498,0.60621,0.16796,0.021103,0.41288,0.14992,0.93912,0.052321,0.38403,0.10028,0.57666,0.81951,0.060566,0.67955,0.77903,0.57408,0.42302,0.90585,0.17258,0.7487,0.5703,0.33351,0.37594,0.12393,0.50304,0.45657
0.57515,0.73336,0.47404,0.35572,0.9477,0.669,0.67677,0.13114,0.19573,0.34206,0.9785,0.46376,0.86739,0.23464,0.78182,0.95737,0.8219,0.23028,0.66817,0.61766,0.53626,0.68591,0.54011,0.62456,0.87409,0.83419,0.99517,0.42985,0.26024,0.6101,0.22348,0.98525,0.20945,0.83153,0.33302,0.45009,0.3705,0.004723,0.61612,0.015118,0.2759,0.91038,0.50437,0.60421,0.32999,0.70983,0.49092,0.77677,0.18289,0.94093,0.083424,0.24668,0.36969,0.56066,0.080656,0.89889,0.91014,0.50404,0.79888,0.31089
0.45142,0.37589,0.90899,0.049047,0.82803,0.77209,0.94251,0.068277,0.26321,0.25269,0.20379,0.92279,0.74181,0.58744,0.033592,0.19698,0.99402,0.52509,0.44368,0.64924,0.13455,0.76598,0.21108,0.68028,0.23729,0.68665,0.31335,0.62884,0.37506,0.44698,0.99464,0.63693,0.31622,0.097953,0.32747,0.030409,0.68495,0.55409,0.43183,0.05143,0.85985,0.47895,0.43643,0.36978,0.77079,0.32872,0.5231,0.43693,0.78537,0.24834,0.17315,0.52739,0.35572,0.87565,0.99088,0.21387,0.60246,0.31366,0.35966,0.93062
0.043895,0.0098765,0.59625,0.75534,0.91756,0.37982,0.77015,0.12523,0.71379,0.58489,0.5933,0.24172,0.99483,0.92418,0.85698,0.52934,0.067816,0.56067,0.83987,0.75628,0.1313,0.89766,0.30533,0.7369,0.6843,0.5552,0.5058,0.55935,0.64474,0.41844,0.87741,0.23306,0.89784,0.37384,0.55921,0.98917,0.9796,0.11201,0.4159,0.38357,0.45754,0.28428,0.81935,0.22907,0.73862,0.62022,0.8582,0.76309,0.025775,0.69093,0.15222,0.39643,0.38302,0.1125,0.98765,0.19707,0.8094,0.4005,0.63441,0.48612
0.027185,0.41986,0.32896,0.89481,0.11308,0.44159,0.7374,0.16615,0.9776,0.5237,0.95156,0.66016,0.86675,0.33005,0.68261,0.50419,0.97309,0.82603,0.52952,0.14783,0.86399,0.96679,0.013402,0.93298,0.96012,0.086161,0.81978,0.24634,0.31647,0.41184,0.62595,0.7845,0.07064,0.64027,0.7286,0.041022,0.051914,0.69821,0.71581,0.43909,0.60022,0.0669,0.44482,0.35275,0.8406,0.56702,0.1672,0.25196,0.4074,0.44688,0.23229,0.46443,0.45707,0.29009,0.075474,0.75672,0.31185,0.28847,0.39306,0.22557
0.31269,0.75367,0.47819,0.28615,0.81213,0.48306,0.86626,0.91142,0.63712,0.16342,0.26027,0.33229,0.48581,0.20554,0.80185,0.48341,0.92279,0.28846,0.25714,0.59945,0.70827,0.90579,0.0045619,0.61467,0.42658,0.55477,0.2987,0.65652,0.19242,0.71406,0.21188,0.0034049,0.24792,0.034076,0.30467,0.047635,0.090712,0.75107,0.87649,0.035859,0.79194,0.79443,0.91526,0.83614,0.025768,0.88725,0.50273,0.50741,0.90643,0.35968,0.74143,0.2538,0.30588,0.96058,0.045131,0.33115,0.3721,0.91901,0.5499,0.53752
0.012863,0.79387,0.59717,0.2512,0.90826,0.60811,0.99095,0.13626,0.54592,0.4864,0.51468,0.47675,0.90331,0.36449,0.9177,0.37761,0.95873,0.25271,0.1563,0.89861,0.99824,0.17858,0.98779,0.73831,0.17417,0.67941,0.7086,0.13232,0.23317,0.10278,0.91554,0.79741,0.019858,0.31938,0.81777,0.114,0.081055,0.24984,0.26225,0.83521,0.64146,0.043465,0.4911,0.7293,0.41246,0.7389,0.58047,0.70231,0.33044,0.5085,0.84703,0.98616,0.71084,0.80552,0.31519,0.94708,0.65685,0.67274,0.45038,0.10804
0.38397,0.91996,0.16145,0.93274,0.15638,0.176,0.50393,0.617,0.84806,0.49606,0.63633,0.46877,0.020314,0.97571,0.38811,0.51972,0.56316,0.24025,0.55782,0.17193,0.81576,0.97849,0.8118,0.63653,0.39737,0.42751,0.8695,0.51341,0.21984,0.38017,0.13425,0.20765,0.99686,0.96166,0.8114,0.30955,0.67873,0.24915,0.030436,0.78223,0.70118,0.77982,0.74842,0.11254,0.070206,0.58578,0.43184,0.013961,0.91951,0.19044,0.78198,0.42031,0.62719,0.80264,0.30954,0.2988,0.48258,0.35276,0.55425,0.1186
0.68312,0.84472,0.82947,0.13098,0.12212,0.0020256,0.62909,0.26898,0.8021,0.84319,0.40096,0.70593,0.63679,0.71689,0.47198,0.81577,0.95053,0.55149,0.9613,0.81893,0.78224,0.89799,0.77041,0.17013,0.67093,0.16291,0.65648,0.274,0.079438,0.75245,0.96807,0.19953,0.10013,0.6664,0.48641,0.7097,0.91693,0.96421,0.64332,0.85825,0.61464,0.44726,0.34206,0.35177,0.05107,0.87867,0.4173,0.18796,0.6896,0.4164,0.50904,0.31848,0.68956,0.45416,0.58285,0.013295,0.83668,0.76101,0.84903,0.14662
0.092842,0.36775,0.95612,0.94082,0.76267,0.79022,0.79261,0.22066,0.66831,0.8062,0.48661,0.23995,0.94406,0.64331,0.088058,0.20863,0.31822,0.21534,0.95127,0.069294,0.76362,0.029361,0.90329,0.27234,0.48506,0.69349,0.86219,0.58735,0.12387,0.14917,0.61991,0.97758,0.91886,0.086493,0.43212,0.12329,0.070481,0.34778,0.82456,0.71281,0.68823,0.56164,0.5281,0.43123,0.56354,0.56343,0.31013,0.58255,0.95264,0.93057,0.95569,0.75882,0.1508,0.0088735,0.61059,0.86841,0.66738,0.64831,0.099471,0.14251
0.035338,0.6208,0.59555,0.70185,0.7218,0.51361,0.44865,0.7129,0.67098,0.85779,0.75046,0.7172,0.04078,0.78257,0.92511,0.3888,0.2659,0.66549,0.73487,0.95569,0.90498,0.28202,0.12377,0.81245,0.38259,0.51917,0.9266,0.26844,0.53758,0.66088,0.64077,0.62307,0.13401,0.25556,0.14046,0.51246,0.59247,0.47395,0.77863,0.5946,0.78711,0.98217,0.025997,0.76521,0.14132,0.29385,0.37066,0.82325,0.85847,0.49064,0.40466,0.64961,0.92136,0.06895,0.46087,0.99355,0.91848,0.029969,0.096205,0.53696
0.6124,0.73128,0.028748,0.84768,0.65164,0.21323,0.52436,0.549,0.82064,0.60975,0.1262,0.8652,0.28567,0.46648,0.67848,0.046143,0.061084,0.30886,0.22256,0.31734,0.10312,0.1879,0.09608,0.40326,0.56352,0.80055,0.93873,0.78427,0.68886,0.23694,0.013569,0.055216,0.20505,0.14274,0.57542,0.096192,0.22797,0.86098,0.47526,0.75038,0.95155,0.79869,0.21059,0.74887,0.60184,0.01414,0.50787,0.25443,0.82199,0.71472,0.55252,0.29263,0.63491,0.12315,0.26207,0.39511,0.28171,0.7687,0.61596,0.27269
