-0.5468822994
-0.8997209566
-0.230824622
-0.1721907456
-0.9573247886
-0.5990493412
-0.4876017357
-0.03202692364
-0.601286187
-0.06258718029
-0.02505432356
-0.1712544837
-0.9300823735
-0.8580387183
-0.7974473525
-0.4929423695
-0.4604614269
-0.3631157661
-0.6309838202
-0.2347034962
-0.240750626
-0.3203557068
-0.5431011547
-0.482132415
-0.2157096601
-0.03705829083
-0.6307212598
-0.3960528927
-0.7610516234
-0.3442851227
-0.9457838994
-0.3404241728
-0.605524241
-0.6673458406
-0.822651862
-0.3146941783
-0.2441369499
-0.02340618791
-0.3796867212
-0.3054412683
-0.6010594454
-0.9729862765
-0.631739443
-0.01285033453
-0.2249257396
-0.7002614256
-0.4621620233
-0.1607577769
-0.5992056492
-0.256105987
-0.08459904929
-0.1727630595
-0.9363879893
-0.7837831183
-0.1312574702
-0.3589810131
-0.6665358139
-0.1642475377
-0.1239309651
-0.577044587
-0.9719669299
-0.9252720119
-0.7114628727
-0.08338650985
-0.882055935
-0.6127069012
-0.813380102
-0.6859104498
-0.1965341139
-0.5133771418
-0.1054502095
-0.4989876791
-0.5262272642
-0.2387652401
-0.5262799864
-0.1361420207
-0.2881063452
-0.2586901446
-0.7983976996
-0.9653823127
-0.2727836726
-0.4237783042
-0.7178684053
-0.7730609439
-0.5877594977
-0.08599005176
-0.9739207515
-0.4398941398
-0.8423254321
-0.705538032
-0.2680871128
-0.7490914604
-0.5331844637
-0.7013473007
-0.2194569244
-0.4405629664
-0.2324492312
-0.01211612678
-0.3460900529
-0.3416293101
